#Camera:	px	    py	    pz	    lx	    ly	    lz	    ux	    uy	    uz	    sc_dist	sc_width
cam	-0.10	0.20	0.00	0.00	-0.10	1.00	0.00	1.00	0.00	1.00	1.20

#Settings:	bgr	    bgg	    bgb	    sh_rays	    rec_max
set	        0.00	0.00	0.00	3	        8

#Material:	dr	    dg	    db	    sr	    sg	    sb	    rr	    rg	    rb	    phong	trans
#1 water
mtl     	0.30	0.00	0.90	0.60	0.30	0.10	0.00    0.00	0.10	60.00	0.00
#2 ground
mtl	        0.30	0.30	0.30	0.00	0.00	0.00	0.00	0.00	0.00	1.00	0.00
#3 sky
mtl     	0.90	0.30	0.10	0.00	0.00	0.00	0.00	0.00	0.00	1.00	0.00
#4 sun
mtl	        1.00	0.60	0.30	1.00	0.60	0.30	0.00	0.00	0.00	100.00	0.10
#5 building
mtl	        0.20	0.20	0.20	0.50	0.50	0.50	0.05	0.05	0.05	30.00	0.00
#6 mirror-window
mtl     	0.40	0.60	0.80	1.00	1.00	1.00	0.40	0.40	0.70	80.00	0.50
#7 soap bubble
mtl	        0.00	0.40	1.00	1.00	0.00	0.00	0.30	0.40	0.30	10.00	0.95
#8 red balloon
mtl	        0.80	0.00	0.00	0.10	0.10	0.10	0.10	0.00	0.00	30.00	0.00
#9 green balloon
mtl	        0.00	0.80	0.00	0.10	0.10	0.10	0.00	0.10	0.00	30.00	0.00
#10 blue balloon
mtl	        0.00	0.00	0.80	0.10	0.10	0.10	0.00	0.00	0.10	30.00	0.00
#11 yellow balloon
mtl	        0.80	0.80	0.00	0.10	0.10	0.10	0.10	0.10	0.00	30.00	0.00
#12 red truck
mtl	        0.80	0.00	0.00	0.10	0.10	0.10	0.10	0.10	0.00	30.00	0.00
#13 clear-window
mtl         0.00	0.00	0.00	1.00	1.00	1.00	0.40	0.40	0.70	40.00	0.80
#14 wheel
mtl         0.00	0.00	0.00	0.00	0.00	0.00	0.00	0.00	0.00	0.00	0.00
#15 metalic gray
mtl	        0.40	0.40	0.40	0.10	0.10 	0.10	0.20	0.20	0.20	10.00	0.00

#Plane:	nx	ny	nz	offset	mat_idx
#water
pln	0.00	1.00	-0.25	-0.55	1.00
#ground
pln	0.00	1.00	0.00	-0.11	2.00
#sky
pln	0.00	0.00	-1.00	-3.00	3.00

#Box:	cx	cy	cz	scale	mat_index
#buildings far
##right
box	0.30	-0.07	1.00	0.13	5
box	0.30	0.06	1.00	0.13	5
box	0.30	0.19	1.00	0.13	5
box	0.30	0.32	1.00	0.13	5

box	0.29	0.06	1.00	0.12	6
box	0.29	0.19	1.00	0.12	6
box	0.29	0.32	1.00	0.12	6

##left
box	-0.30	-0.07	1.00	0.13	5
box	-0.30	0.06	1.00	0.13	5
box	-0.30	0.19	1.00	0.13	5
box	-0.30	0.32	1.00	0.13	5

box	-0.29	0.06	1.00	0.12	6
box	-0.29	0.19	1.00	0.12	6
box	-0.29	0.32	1.00	0.12	6

#buildings mid
##right
box	0.30	-0.07	0.70	0.13	5
box	0.30	0.06	0.70	0.13	5
box	0.30	0.19	0.70	0.13	5
box	0.30	0.32	0.70	0.13	5

box	0.29	0.06	0.70	0.12	6
box	0.29	0.19	0.70	0.12	6
box	0.29	0.32	0.70	0.12	6

##left
box	-0.30	-0.07	0.70	0.13	5
box	-0.30	0.06	0.70	0.13	5
box	-0.30	0.19	0.70	0.13	5
box	-0.30	0.32	0.70	0.13	5

box	-0.29	0.06	0.70	0.12	6
box	-0.29	0.19	0.70	0.12	6
box	-0.29	0.32	0.70	0.12	6


#buildings close
##right
box	0.30	-0.07	0.40	0.13	5
box	0.30	0.06	0.40	0.13	5
box	0.30	0.19	0.40	0.13	5
box	0.30	0.32	0.40	0.13	5

box	0.29	0.06	0.40	0.12	6
box	0.29	0.19	0.40	0.12	6
box	0.29	0.32	0.40	0.12	6

##left
box	-0.30	-0.07	0.40	0.13	5
box	-0.30	0.06	0.40	0.13	5
box	-0.30	0.19	0.40	0.13	5
box	-0.30	0.32	0.40	0.13	5

box	-0.29	0.06	0.40	0.12	6
box	-0.29	0.19	0.40	0.12	6
box	-0.29	0.32	0.40	0.12	6

#truck
##back of truck
###back level 1 - removed
###back level 2 - removed
###back level 3
box	0.03	-0.05	0.20	0.01	12
box	0.02	-0.05	0.20	0.01	12
box	0.01	-0.05	0.20	0.01	12
box	0.00	-0.05	0.20	0.01	12
box	-0.01	-0.05	0.20	0.01	12
box	-0.02	-0.05	0.20	0.01	12
box	-0.03	-0.05	0.20	0.01	12

###back level 4
box	0.03	-0.04	0.20	0.01	12
box	0.02	-0.04	0.20	0.01	12
box	0.01	-0.04	0.20	0.01	12
box	0.00	-0.04	0.20	0.01	12
box	-0.01	-0.04	0.20	0.01	12
box	-0.02	-0.04	0.20	0.01	12
box	-0.03	-0.04	0.20	0.01	12

###back level 5
box	0.03	-0.03	0.20	0.01	12
box	0.02	-0.03	0.20	0.01	12
box	0.01	-0.03	0.20	0.01	12
box	0.00	-0.03	0.20	0.01	12
box	-0.01	-0.03	0.20	0.01	12
box	-0.02	-0.03	0.20	0.01	12
box	-0.03	-0.03	0.20	0.01	12

##left of truck
###left level 1
box	-0.03	-0.07	0.21	0.01	14
box	-0.03	-0.07	0.22	0.01	14
box	-0.03	-0.07	0.30	0.01	14
box	-0.03	-0.07	0.31	0.01	14
box	-0.03	-0.07	0.36	0.01	14
box	-0.03	-0.07	0.37	0.01	14


###left level 2
box	-0.03	-0.06	0.21	0.01	14
box	-0.03	-0.06	0.22	0.01	14
box	-0.03	-0.06	0.23	0.01	12
box	-0.03	-0.06	0.24	0.01	12
box	-0.03	-0.06	0.25	0.01	12
box	-0.03	-0.06	0.26	0.01	12
box	-0.03	-0.06	0.27	0.01	12
box	-0.03	-0.06	0.28	0.01	12
box	-0.03	-0.06	0.29	0.01	12
box	-0.03	-0.06	0.30	0.01	14
box	-0.03	-0.06	0.31	0.01	14
box	-0.03	-0.06	0.32	0.01	12
box	-0.03	-0.06	0.33	0.01	12
box	-0.03	-0.06	0.34	0.01	12
box	-0.03	-0.06	0.35	0.01	12
box	-0.03	-0.06	0.36	0.01	14
box	-0.03	-0.06	0.37	0.01	14
box	-0.03	-0.06	0.38	0.01	12

###left level 3
box	-0.03	-0.05	0.21	0.01	12
box	-0.03	-0.05	0.22	0.01	12
box	-0.03	-0.05	0.23	0.01	12
box	-0.03	-0.05	0.24	0.01	12
box	-0.03	-0.05	0.25	0.01	12
box	-0.03	-0.05	0.26	0.01	12
box	-0.03	-0.05	0.27	0.01	12
box	-0.03	-0.05	0.28	0.01	12
box	-0.03	-0.05	0.29	0.01	12
box	-0.03	-0.05	0.30	0.01	12
box	-0.03	-0.05	0.31	0.01	12
box	-0.03	-0.05	0.32	0.01	12


###left level 4
box	-0.03	-0.04	0.21	0.01	12
box	-0.03	-0.04	0.22	0.01	12
box	-0.03	-0.04	0.23	0.01	12
box	-0.03	-0.04	0.24	0.01	12
box	-0.03	-0.04	0.25	0.01	12
box	-0.03	-0.04	0.26	0.01	12
box	-0.03	-0.04	0.27	0.01	12
box	-0.03	-0.04	0.28	0.01	12
box	-0.03	-0.04	0.29	0.01	12
box	-0.03	-0.04	0.30	0.01	12
box	-0.03	-0.04	0.31	0.01	12
box	-0.03	-0.04	0.32	0.01	12


###left level 5
box	-0.03	-0.03	0.21	0.01	12
box	-0.03	-0.03	0.22	0.01	12
box	-0.03	-0.03	0.23	0.01	12
box	-0.03	-0.03	0.24	0.01	12
box	-0.03	-0.03	0.25	0.01	12
box	-0.03	-0.03	0.26	0.01	12
box	-0.03	-0.03	0.27	0.01	12
box	-0.03	-0.03	0.28	0.01	12
box	-0.03	-0.03	0.29	0.01	12
box	-0.03	-0.03	0.30	0.01	12
box	-0.03	-0.03	0.31	0.01	12
box	-0.03	-0.03	0.32	0.01	12


## right of truck
### right level 1
box	0.03	-0.07	0.21	0.01	14
box	0.03	-0.07	0.22	0.01	14
box	0.03	-0.07	0.30	0.01	14
box	0.03	-0.07	0.31	0.01	14
box	0.03	-0.07	0.36	0.01	14
box	0.03	-0.07	0.37	0.01	14


### right level 2
box	0.03	-0.06	0.21	0.01	14
box	0.03	-0.06	0.22	0.01	14
box	0.03	-0.06	0.23	0.01	12
box	0.03	-0.06	0.24	0.01	12
box	0.03	-0.06	0.25	0.01	12
box	0.03	-0.06	0.26	0.01	12
box	0.03	-0.06	0.27	0.01	12
box	0.03	-0.06	0.28	0.01	12
box	0.03	-0.06	0.29	0.01	12
box	0.03	-0.06	0.30	0.01	14
box	0.03	-0.06	0.31	0.01	14
box	0.03	-0.06	0.32	0.01	12
box	0.03	-0.06	0.33	0.01	12
box	0.03	-0.06	0.34	0.01	12
box	0.03	-0.06	0.35	0.01	12
box	0.03	-0.06	0.36	0.01	14
box	0.03	-0.06	0.37	0.01	14
box	0.03	-0.06	0.38	0.01	12


### right level 3
box	0.03	-0.05	0.21	0.01	12
box	0.03	-0.05	0.22	0.01	12
box	0.03	-0.05	0.23	0.01	12
box	0.03	-0.05	0.24	0.01	12
box	0.03	-0.05	0.25	0.01	12
box	0.03	-0.05	0.26	0.01	12
box	0.03	-0.05	0.27	0.01	12
box	0.03	-0.05	0.28	0.01	12
box	0.03	-0.05	0.29	0.01	12
box	0.03	-0.05	0.30	0.01	12
box	0.03	-0.05	0.31	0.01	12
box	0.03	-0.05	0.32	0.01	12


### right level 4
box	0.03	-0.04	0.21	0.01	12
box	0.03	-0.04	0.22	0.01	12
box	0.03	-0.04	0.23	0.01	12
box	0.03	-0.04	0.24	0.01	12
box	0.03	-0.04	0.25	0.01	12
box	0.03	-0.04	0.26	0.01	12
box	0.03	-0.04	0.27	0.01	12
box	0.03	-0.04	0.28	0.01	12
box	0.03	-0.04	0.29	0.01	12
box	0.03	-0.04	0.30	0.01	12
box	0.03	-0.04	0.31	0.01	12
box	0.03	-0.04	0.32	0.01	12


### right level 5
box	0.03	-0.03	0.21	0.01	12
box	0.03	-0.03	0.22	0.01	12
box	0.03	-0.03	0.23	0.01	12
box	0.03	-0.03	0.24	0.01	12
box	0.03	-0.03	0.25	0.01	12
box	0.03	-0.03	0.26	0.01	12
box	0.03	-0.03	0.27	0.01	12
box	0.03	-0.03	0.28	0.01	12
box	0.03	-0.03	0.29	0.01	12
box	0.03	-0.03	0.30	0.01	12
box	0.03	-0.03	0.31	0.01	12
box	0.03	-0.03	0.32	0.01	12


##bottom of truck
###bottom 1
box	0.03	-0.05	0.21	0.01	12
box	0.02	-0.05	0.21	0.01	12
box	0.01	-0.05	0.21	0.01	12
box	0.00	-0.05	0.21	0.01	12
box	-0.01	-0.05	0.21	0.01	12
box	-0.02	-0.05	0.21	0.01	12
box	-0.03	-0.05	0.21	0.01	12
###bottom 2
box	0.03	-0.05	0.22	0.01	12
box	0.02	-0.05	0.22	0.01	12
box	0.01	-0.05	0.22	0.01	12
box	0.00	-0.05	0.22	0.01	12
box	-0.01	-0.05	0.22	0.01	12
box	-0.02	-0.05	0.22	0.01	12
box	-0.03	-0.05	0.22	0.01	12
###bottom 3
box	0.03	-0.05	0.23	0.01	12
box	0.02	-0.05	0.23	0.01	12
box	0.01	-0.05	0.23	0.01	12
box	0.00	-0.05	0.23	0.01	12
box	-0.01	-0.05	0.23	0.01	12
box	-0.02	-0.05	0.23	0.01	12
box	-0.03	-0.05	0.23	0.01	12
###bottom 4
box	0.03	-0.05	0.24	0.01	12
box	0.02	-0.05	0.24	0.01	12
box	0.01	-0.05	0.24	0.01	12
box	0.00	-0.05	0.24	0.01	12
box	-0.01	-0.05	0.24	0.01	12
box	-0.02	-0.05	0.24	0.01	12
box	-0.03	-0.05	0.24	0.01	12
###bottom 5
box	0.03	-0.05	0.25	0.01	12
box	0.02	-0.05	0.25	0.01	12
box	0.01	-0.05	0.25	0.01	12
box	0.00	-0.05	0.25	0.01	12
box	-0.01	-0.05	0.25	0.01	12
box	-0.02	-0.05	0.25	0.01	12
box	-0.03	-0.05	0.25	0.01	12
###bottom 6
box	0.03	-0.05	0.26	0.01	12
box	0.02	-0.05	0.26	0.01	12
box	0.01	-0.05	0.26	0.01	12
box	0.00	-0.05	0.26	0.01	12
box	-0.01	-0.05	0.26	0.01	12
box	-0.02	-0.05	0.26	0.01	12
box	-0.03	-0.05	0.26	0.01	12
###bottom 7
box	0.03	-0.05	0.27	0.01	12
box	0.02	-0.05	0.27	0.01	12
box	0.01	-0.05	0.27	0.01	12
box	0.00	-0.05	0.27	0.01	12
box	-0.01	-0.05	0.27	0.01	12
box	-0.02	-0.05	0.27	0.01	12
box	-0.03	-0.05	0.27	0.01	12
###bottom 8
box	0.03	-0.05	0.28	0.01	12
box	0.02	-0.05	0.28	0.01	12
box	0.01	-0.05	0.28	0.01	12
box	0.00	-0.05	0.28	0.01	12
box	-0.01	-0.05	0.28	0.01	12
box	-0.02	-0.05	0.28	0.01	12
box	-0.03	-0.05	0.28	0.01	12
###bottom 9
box	0.03	-0.05	0.29	0.01	12
box	0.02	-0.05	0.29	0.01	12
box	0.01	-0.05	0.29	0.01	12
box	0.00	-0.05	0.29	0.01	12
box	-0.01	-0.05	0.29	0.01	12
box	-0.02	-0.05	0.29	0.01	12
box	-0.03	-0.05	0.29	0.01	12
###bottom 10
box	0.03	-0.05	0.30	0.01	12
box	0.02	-0.05	0.30	0.01	12
box	0.01	-0.05	0.30	0.01	12
box	0.00	-0.05	0.30	0.01	12
box	-0.01	-0.05	0.30	0.01	12
box	-0.02	-0.05	0.30	0.01	12
box	-0.03	-0.05	0.30	0.01	12
###bottom 11
box	0.03	-0.05	0.31	0.01	12
box	0.02	-0.05	0.31	0.01	12
box	0.01	-0.05	0.31	0.01	12
box	0.00	-0.05	0.31	0.01	12
box	-0.01	-0.05	0.31	0.01	12
box	-0.02	-0.05	0.31	0.01	12
box	-0.03	-0.05	0.31	0.01	12
###bottom 12 - removed for back of truck head
###bottom 13
box	0.03	-0.05	0.33	0.01	12
box	0.02	-0.05	0.33	0.01	12
box	0.01	-0.05	0.33	0.01	12
box	0.00	-0.05	0.33	0.01	12
box	-0.01	-0.05	0.33	0.01	12
box	-0.02	-0.05	0.33	0.01	12
box	-0.03	-0.05	0.33	0.01	12
###bottom 14
box	0.03	-0.05	0.34	0.01	12
box	0.02	-0.05	0.34	0.01	12
box	0.01	-0.05	0.34	0.01	12
box	0.00	-0.05	0.34	0.01	12
box	-0.01	-0.05	0.34	0.01	12
box	-0.02	-0.05	0.34	0.01	12
box	-0.03	-0.05	0.34	0.01	12
###bottom 15
box	0.03	-0.05	0.35	0.01	12
box	0.02	-0.05	0.35	0.01	12
box	0.01	-0.05	0.35	0.01	12
box	0.00	-0.05	0.35	0.01	12
box	-0.01	-0.05	0.35	0.01	12
box	-0.02	-0.05	0.35	0.01	12
box	-0.03	-0.05	0.35	0.01	12
###bottom 16
box	0.03	-0.05	0.36	0.01	12
box	0.02	-0.05	0.36	0.01	12
box	0.01	-0.05	0.36	0.01	12
box	0.00	-0.05	0.36	0.01	12
box	-0.01	-0.05	0.36	0.01	12
box	-0.02	-0.05	0.36	0.01	12
box	-0.03	-0.05	0.36	0.01	12
###bottom 17
box	0.03	-0.05	0.37	0.01	12
box	0.02	-0.05	0.37	0.01	12
box	0.01	-0.05	0.37	0.01	12
box	0.00	-0.05	0.37	0.01	12
box	-0.01	-0.05	0.37	0.01	12
box	-0.02	-0.05	0.37	0.01	12
box	-0.03	-0.05	0.37	0.01	12
###bottom 18
box	0.03	-0.05	0.38	0.01	12
box	0.02	-0.05	0.38	0.01	12
box	0.01	-0.05	0.38	0.01	12
box	0.00	-0.05	0.38	0.01	12
box	-0.01	-0.05	0.38	0.01	12
box	-0.02	-0.05	0.38	0.01	12
box	-0.03	-0.05	0.38	0.01	12


## back of truck head
###back level 1 - removed
###back level 2 - removed
###back level 3
box	0.03	-0.05	0.32	0.01	12
box	0.02	-0.05	0.32	0.01	12
box	0.01	-0.05	0.32	0.01	12
box	0.00	-0.05	0.32	0.01	12
box	-0.01	-0.05	0.32	0.01	12
box	-0.02	-0.05	0.32	0.01	12
box	-0.03	-0.05	0.32	0.01	12
###back level 4
box	0.03	-0.04	0.32	0.01	12
box	0.02	-0.04	0.32	0.01	12
box	0.01	-0.04	0.32	0.01	12
box	0.00	-0.04	0.32	0.01	12
box	-0.01	-0.04	0.32	0.01	12
box	-0.02	-0.04	0.32	0.01	12
box	-0.03	-0.04	0.32	0.01	12
###back level 5
box	0.03	-0.03	0.32	0.01	12
box	0.02	-0.03	0.32	0.01	12
box	0.01	-0.03	0.32	0.01	12
box	0.00	-0.03	0.32	0.01	12
box	-0.01	-0.03	0.32	0.01	12
box	-0.02	-0.03	0.32	0.01	12
box	-0.03	-0.03	0.32	0.01	12
###back level 6
box	0.03	-0.02	0.32	0.01	12
box	0.02	-0.02	0.32	0.01	13
box	0.01	-0.02	0.32	0.01	13
box	0.00	-0.02	0.32	0.01	13
box	-0.01	-0.02	0.32	0.01	13
box	-0.02	-0.02	0.32	0.01	13
box	-0.03	-0.02	0.32	0.01	12
###back level 7
box	0.03	-0.01	0.32	0.01	12
box	0.02	-0.01	0.32	0.01	13
box	0.01	-0.01	0.32	0.01	13
box	0.00	-0.01	0.32	0.01	13
box	-0.01	-0.01	0.32	0.01	13
box	-0.02	-0.01	0.32	0.01	13
box	-0.03	-0.01	0.32	0.01	12
###back level 8
box	0.03	0.00	0.32	0.01	12
box	0.02	0.00	0.32	0.01	13
box	0.01	0.00	0.32	0.01	13
box	0.00	0.00	0.32	0.01	13
box	-0.01	0.00	0.32	0.01	13
box	-0.02	0.00	0.32	0.01	13
box	-0.03	0.00	0.32	0.01	12



## front of truck head
###front level 1
###front level 2
###front level 3
box	0.03	-0.05	0.38	0.01	12
box	0.02	-0.05	0.38	0.01	13
box	0.01	-0.05	0.38	0.01	13
box	0.00	-0.05	0.38	0.01	13
box	-0.01	-0.05	0.38	0.01	13
box	-0.02	-0.05	0.38	0.01	13
box	-0.03	-0.05	0.38	0.01	12
###front level 4
box	0.03	-0.04	0.38	0.01	12
box	0.02	-0.04	0.38	0.01	13
box	0.01	-0.04	0.38	0.01	13
box	0.00	-0.04	0.38	0.01	13
box	-0.01	-0.04	0.38	0.01	13
box	-0.02	-0.04	0.38	0.01	13
box	-0.03	-0.04	0.38	0.01	12
###front level 5
box	0.03	-0.03	0.38	0.01	12
box	0.02	-0.03	0.38	0.01	13
box	0.01	-0.03	0.38	0.01	13
box	0.00	-0.03	0.38	0.01	13
box	-0.01	-0.03	0.38	0.01	13
box	-0.02	-0.03	0.38	0.01	13
box	-0.03	-0.03	0.38	0.01	12
###front level 6
box	0.03	-0.02	0.38	0.01	12
box	0.02	-0.02	0.38	0.01	13
box	0.01	-0.02	0.38	0.01	13
box	0.00	-0.02	0.38	0.01	13
box	-0.01	-0.02	0.38	0.01	13
box	-0.02	-0.02	0.38	0.01	13
box	-0.03	-0.02	0.38	0.01	12
###front level 7
box	0.03	-0.01	0.38	0.01	12
box	0.02	-0.01	0.38	0.01	13
box	0.01	-0.01	0.38	0.01	13
box	0.00	-0.01	0.38	0.01	13
box	-0.01	-0.01	0.38	0.01	13
box	-0.02	-0.01	0.38	0.01	13
box	-0.03	-0.01	0.38	0.01	12
###front level 8
box	0.03	0.00	0.38	0.01	12
box	0.02	0.00	0.38	0.01	13
box	0.01	0.00	0.38	0.01	13
box	0.00	0.00	0.38	0.01	13
box	-0.01	0.00	0.38	0.01	13
box	-0.02	0.00	0.38	0.01	13
box	-0.03	0.00	0.38	0.01	12


## top of truck head
###top 13
box	0.03	0.00	0.33	0.01	12
box	0.02	0.00	0.33	0.01	12
box	0.01	0.00	0.33	0.01	12
box	0.00	0.00	0.33	0.01	12
box	-0.01	0.00	0.33	0.01	12
box	-0.02	0.00	0.33	0.01	12
box	-0.03	0.00	0.33	0.01	12
###top 14
box	0.03	0.00	0.34	0.01	12
box	0.02	0.00	0.34	0.01	12
box	0.01	0.00	0.34	0.01	12
box	0.00	0.00	0.34	0.01	12
box	-0.01	0.00	0.34	0.01	12
box	-0.02	0.00	0.34	0.01	12
box	-0.03	0.00	0.34	0.01	12
###top 15
box	0.03	0.00	0.35	0.01	12
box	0.02	0.00	0.35	0.01	12
box	0.01	0.00	0.35	0.01	12
box	0.00	0.00	0.35	0.01	12
box	-0.01	0.00	0.35	0.01	12
box	-0.02	0.00	0.35	0.01	12
box	-0.03	0.00	0.35	0.01	12
###top 16
box	0.03	0.00	0.36	0.01	12
box	0.02	0.00	0.36	0.01	12
box	0.01	0.00	0.36	0.01	12
box	0.00	0.00	0.36	0.01	12
box	-0.01	0.00	0.36	0.01	12
box	-0.02	0.00	0.36	0.01	12
box	-0.03	0.00	0.36	0.01	12
###top 17
box	0.03	0.00	0.37	0.01	12
box	0.02	0.00	0.37	0.01	12
box	0.01	0.00	0.37	0.01	12
box	0.00	0.00	0.37	0.01	12
box	-0.01	0.00	0.37	0.01	12
box	-0.02	0.00	0.37	0.01	12
box	-0.03	0.00	0.37	0.01	12


## truck seats
### right
#### right level 1
box	0.03	-0.04	0.33	0.01	14
box	0.02	-0.04	0.33	0.01	14
box	0.03	-0.04	0.34	0.01	14
box	0.02	-0.04	0.34	0.01	14
box	0.03	-0.04	0.35	0.01	14
box	0.02	-0.04	0.35	0.01	14

#### right level 2
box	0.03	-0.03	0.33	0.01	14
box	0.02	-0.03	0.33	0.01	14
box	0.03	-0.03	0.34	0.01	14
box	0.02	-0.03	0.34	0.01	14
box	0.03	-0.03	0.35	0.01	14
box	0.02	-0.03	0.35	0.01	14

#### right level 3
box	0.03	-0.02	0.33	0.01	14
box	0.02	-0.02	0.33	0.01	14

#### right level 4
box	0.03	-0.01	0.33	0.01	14
box	0.02	-0.01	0.33	0.01	14

### left
#### left level 1
box	-0.03	-0.04	0.33	0.01	14
box	-0.02	-0.04	0.33	0.01	14
box	-0.03	-0.04	0.34	0.01	14
box	-0.02	-0.04	0.34	0.01	14
box	-0.03	-0.04	0.35	0.01	14
box	-0.02	-0.04	0.35	0.01	14

#### left level 2
box	-0.03	-0.03	0.33	0.01	14
box	-0.02	-0.03	0.33	0.01	14
box	-0.03	-0.03	0.34	0.01	14
box	-0.02	-0.03	0.34	0.01	14
box	-0.03	-0.03	0.35	0.01	14
box	-0.02	-0.03	0.35	0.01	14

#### left level 3
box	-0.03	-0.02	0.33	0.01	14
box	-0.02	-0.02	0.33	0.01	14

#### left level 4
box	-0.03	-0.01	0.33	0.01	14
box	-0.02	-0.01	0.33	0.01	14


#Sphere:	cx	cy	cz	radios	mat_index
#sun
sph	0.00	0.18	3.30	0.50	4
#bubbles
sph	0.10	0.20	0.60	0.04	7
sph	0.08	0.14	0.50	0.03	7
sph	0.07	0.21	0.55	0.01	7
#balloons
#sph	-0.40	1.00	2.40	0.09	8
#sph	-0.51	1.05	2.40	0.09	9
#sph	-0.70	0.90	2.40	0.09	11
#sph	-0.30	1.20	2.40	0.09	10
#sph	-0.40	0.70	2.40	0.09	8
#sph	-0.50	0.80	2.40	0.09	11
#sph	-0.70	0.60	2.40	0.09	8
#sph	-0.30	0.90	2.40	0.09	10
# ball in trunk
sph	0.01	-0.03	0.27	0.02	15


#Lights:	px	    py	    pz	    r	    g	    b	    spec	shadow	width
#sun-light
lgt	        0.00	0.07	2.20	1.00	1.00	1.00	0.00	1.00	10.00
#additional sun-light
lgt	        0.00	0.20	1.30	1.00	0.80	0.60	0.00	0.00	10.00
#scene light
lgt	        0.30	0.18	0.80	0.50	0.30	0.20	1.00	0.00	5.00
lgt	        -0.30	0.18	0.80	0.50	0.30	0.20	1.00	0.00	5.00